ripped from NYT Crossword 1/4/2023
window.gameData =
{
    "displayDate":"January 4, 2023",
    "easy":
        {
            "day_of_week":"Wednesday",
            "difficulty":"Easy",
            "print_date":"2023-01-04",
            "published":"2023-01-03 17:00:00",
            "puzzle_id":147539,
            "version":1,
            "puzzle_data":{"hints":[21,37,34,56,24,71,9,31,52,16,58,23,27,40,62,65,57,63,79,2,22,41,46,13,39,53,78,7,75,69,4,10,32,60,66,72,6,14,19,35,36,48,74],
            "puzzle":[8,9,0,3,0,7,0,0,2,0,0,2,9,0,0,8,0,6,4,0,7,0,0,0,0,9,5,0,7,4,2,0,0,6,0,0,0,0,3,0,0,0,2,5,7,2,0,5,0,7,8,9,0,0,7,3,0,0,0,4,0,1,0,0,4,0,0,1,9,0,2,0,0,2,0,0,8,3,0,0,9],"solution":[8,9,6,3,5,7,1,4,2,3,5,2,9,4,1,8,7,6,4,1,7,8,6,2,3,9,5,9,7,4,2,3,5,6,8,1,1,8,3,4,9,6,2,5,7,2,6,5,1,7,8,9,3,4,7,3,9,6,2,4,5,1,8,6,4,8,5,1,9,7,2,3,5,2,1,7,8,3,4,6,9]}},"hard":{"day_of_week":"Wednesday","difficulty":"Hard","print_date":"2023-01-04","published":"2023-01-03 17:00:00","puzzle_id":147538,"version":1,"puzzle_data":{"hints":[53,34,27,11,12,14,10,67,74,1,29,36,47,49,55,58,77,20,32,37,45,46,48,50,62,65,2,3,7,56,59,78,0,5,6,22,60,66,71,75,4,18,24,41,44,70,8,23,25,40,42,43,69,80,26,79],"puzzle":[0,0,0,0,0,0,0,0,0,2,0,0,0,4,0,7,5,8,0,1,0,8,0,0,0,0,0,0,7,0,6,5,0,2,0,1,0,0,5,3,0,0,0,0,0,0,0,0,0,0,0,6,9,0,4,0,0,7,0,0,0,6,0,7,9,0,0,0,3,0,0,0,8,5,0,0,1,0,0,0,0],"solution":[6,4,8,5,2,7,9,1,3,2,3,9,1,4,6,7,5,8,5,1,7,8,3,9,4,2,6,9,7,4,6,5,8,2,3,1,1,6,5,3,9,2,8,4,7,3,8,2,4,7,1,6,9,5,4,2,3,7,8,5,1,6,9,7,9,1,2,6,3,5,8,4,8,5,6,9,1,4,3,7,2]}},"medium":{"day_of_week":"Wednesday","difficulty":"Medium","print_date":"2023-01-04","published":"2023-01-03 17:00:00","puzzle_id":147540,"version":1,"puzzle_data":{"hints":[19,8,61,62,4,24,25,20,28,65,63,42,80,17,51,78,16,30,22,77,5,9,66,1,12,18,23,32,69,13,34,56,57,60,67,73,2,31,39,54,55,58,64,76,0,35,38,48,49,29,40,44,45,47,36,41,52,53,43,50],"puzzle":[0,0,0,9,0,0,3,4,0,0,6,5,0,0,1,2,0,0,0,0,0,5,0,0,0,0,8,4,0,0,0,0,0,8,0,0,0,7,0,0,0,0,0,0,0,0,3,0,0,0,0,0,0,0,0,0,0,0,0,6,0,0,0,0,0,0,0,0,7,0,2,1,9,0,4,3,0,0,0,6,0],"solution":[7,1,8,9,6,2,3,4,5,3,6,5,8,4,1,2,7,9,2,4,9,5,7,3,6,1,8,4,9,1,7,2,5,8,3,6,8,7,2,6,3,9,1,5,4,5,3,6,1,8,4,7,9,2,1,5,7,2,9,6,4,8,3,6,8,3,4,5,7,9,2,1,9,2,4,3,1,8,5,6,7]}}}